@ECHO --------------------------------------------------------------------------------------------
@ECHO 8           8 8 8     8 8 8      8 8 8 8       8     8 8 8 8     8 8 8 8 8 8 8 8 8 8 8 8 8
@ECHO 8         8       8 8            8       8   8   8   8       8 8         8         8       8
@ECHO 8         8       8 8     8 8 88 8 8 8 8   8       8 8 8 8 8     8 8 8   8 8 8 8   8 8 8 8
@ECHO 8         8       8 8       8    8         8 8 8 8 8 8     8           8 8         8     8
@ECHO 8 8 8 8 8   8 8 8     8 8 8      8         8       8 8       8 8 8 8 8   8 8 8 8 8 8       8
@ECHO --------------------------------------------------------------------------------------------

@ECHO --
@ECHO --
@ECHO OFF
SET PARSER=ParseLog.groovy
SET /p FILE=Input Log Name You Want To Parse:  
@ECHO --
@ECHO --
@ECHO ---------------------------------------------------------------------
@ECHO 8 8 8 8   8       8 8       8 8       8   8 8 8   8       8   8 8 8
@ECHO 8       8 8       8 8 8     8 8 8     8     8     8 8     8 8
@ECHO 8 8 8 8   8       8 8   8   8 8   8   8     8     8   8   8 8     8 8
@ECHO 8     8   8       8 8     8 8 8     8 8     8     8     8 8 8       8
@ECHO 8       8   8 8 8   8       8 8       8   8 8 8   8       8   8 8 8
@ECHO ---------------------------------------------------------------------
@call groovy %PARSER% %FILE%

@ECHO off
PAUSE
